- Threads = 2
- Containers = 3 (red = 2, blue = 1)
- Initial = red = 1, blue = 1
- KillType = (container, 1)
- Kill = red
- New = red = 1, blue = 1

0.000045 0
1.021302 0
2.022334 2
3.085654 5
4.103939 7
5.115941 9
6.135945 11
7.151940 14
8.159944 16
9.179944 18
10.183940 20
11.193276 22
12.199950 25
13.219917 27
14.227948 29
15.247942 31
16.293042 34
17.295943 36
18.312200 38
19.315946 40
20.326082 42
21.327975 45
22.342243 47
23.343271 49
24.344343 51
25.375944 54
26.461338 56
27.463949 56
28.484021 58
29.487092 60
30.488127 62
31.503126 64
32.511942 66
33.516795 68
34.547942 70
35.555950 72
36.559977 74
37.561081 76
38.562115 78
39.599946 81
40.607978 83
41.609001 85
42.612042 87
43.647942 90
44.655944 92
45.682849 94
46.687939 96
47.695940 99
48.716153 101
49.731974 103
50.734146 105
51.739942 107
52.752022 110
53.783946 112
54.804442 114
55.807948 116
56.808986 118
57.819944 120
58.835942 122
59.839416 124
