- Threads = 2
- Containers = 2 (red = 1, blue = 1)
- Initial = red = 1, blue = 1
- KillType = (container, 1)
- Kill = red
- New = red = 0, blue = 2

0.000010 0
1.024012 0
2.072002 3
3.155999 5
4.172004 7
5.193666 9
6.260116 12
7.268936 14
8.270026 16
9.271205 18
10.281679 21
11.304004 23
12.316748 25
13.352046 27
14.376065 30
15.380004 32
16.396009 34
17.400004 36
18.404003 38
19.420004 41
20.424957 43
21.440008 45
22.441037 47
23.443997 50
24.471915 51
25.531240 52
26.548006 53
27.611994 54
28.614420 54
29.615454 55
30.620009 56
31.633978 57
32.664015 58
33.708000 59
34.708106 60
35.740007 61
36.741051 62
37.742095 63
38.760003 64
39.781252 65
40.784014 66
41.800001 67
42.811960 68
43.867991 69
44.872011 70
45.876003 70
46.888006 71
47.892003 72
48.896034 73
50.047227 74
51.067921 75
52.104001 76
53.116007 77
54.136008 78
55.140003 79
56.164009 80
57.187771 81
58.190160 81
59.191268 82
