- Threads = 2
- Containers = 2 (red = 1, blue = 1)
- Initial = red = 2, blue = 0
- KillType = (container, 1)
- Kill = red
- New = red = 0, blue = 2

0.000008 0
1.068072 0
2.075326 2
3.088001 3
4.143997 4
5.171999 5
6.192000 6
7.196001 7
8.200783 9
9.209381 10
10.219770 11
11.220799 12
12.230020 13
13.248073 15
14.260003 16
15.262509 17
16.263606 18
17.280001 19
18.283993 20
19.286634 22
20.316001 23
21.407998 24
22.475998 25
23.492001 27
24.500004 28
25.503999 29
26.518572 30
27.563995 32
28.595997 33
29.607998 34
30.626338 35
31.627369 36
32.644768 38
33.667998 39
34.679999 40
35.696182 41
36.747987 43
37.757258 44
38.772000 45
39.779998 46
40.805680 47
41.806700 49
42.813468 50
43.839998 51
44.844002 51
45.864066 51
46.872002 52
47.948006 53
48.955998 54
50.004261 55
51.032006 56
52.035994 57
53.062253 58
54.084003 59
55.094530 60
56.107960 61
57.124076 62
58.140017 63
59.148000 64
