- Threads = 2
- Containers = 3 (red = 2, blue = 1)
- Initial = red = 1, blue = 1
- KillType = (container, 1)
- Kill = blue
- New = red = 2, blue = 0

0.000009 0
1.039999 0
2.041037 2
3.043997 4
4.067013 6
5.084806 8
6.107998 10
7.116007 12
8.128210 14
9.160587 16
10.180417 18
11.207993 20
12.216097 22
13.255983 25
14.261468 26
15.267994 28
16.276759 30
17.343999 32
18.355995 35
19.408148 37
20.411999 39
21.413144 40
22.436104 42
23.444830 44
24.445900 46
25.453474 48
26.454536 50
27.473072 52
28.480001 54
29.484000 56
30.487995 59
31.512000 61
32.568001 63
33.575995 66
34.635997 68
35.637078 70
36.639996 72
37.674425 74
38.703994 76
39.799238 78
40.803993 81
41.856001 83
42.873183 85
43.891999 87
44.919997 89
45.967993 91
46.987992 94
48.055992 96
49.096614 99
50.183992 101
51.187999 103
52.191996 105
53.193107 107
54.196012 109
55.208265 110
56.212044 111
57.231996 113
58.236001 115
59.255996 117
