- Threads = 2
- Containers = 4 (red = 2, blue = 2)
- Initial = red = 1, blue = 1
- KillType = (container, 2)
- Kill = blue
- New = red = 2, blue = 0

0.000009 0
1.001092 0
2.047772 2
3.056007 4
4.100015 7
5.103998 9
6.112000 11
7.124002 13
8.136084 15
9.156004 17
10.171997 20
11.196002 22
12.200000 23
13.216002 25
14.232253 27
15.275999 30
16.296004 32
17.341121 34
18.360924 36
19.396001 39
20.464818 41
21.468003 43
22.472078 44
23.488075 46
24.492005 48
25.592003 50
26.593039 52
27.605231 54
28.616467 56
29.624005 58
30.644005 60
31.648003 62
32.667423 64
33.800003 66
34.847999 68
35.856004 70
36.860001 72
37.872002 74
38.885866 76
39.892599 78
40.893622 80
41.908739 82
42.916000 84
43.936218 86
44.988046 88
45.996005 89
46.997052 92
48.012848 94
49.040000 96
50.041149 98
51.048203 99
52.075998 100
53.104014 102
54.108051 104
55.124148 106
56.148009 108
57.152034 110
58.183998 112
59.187085 113
