0.000007 0
1.111997 0
2.144005 1
3.145036 2
4.148872 3
5.149915 4
6.304008 6
7.334858 7
8.364281 8
9.492115 9
10.500004 10
11.515391 11
12.544004 12
13.545035 13
14.608004 14
15.616005 15
16.617032 16
17.667996 18
18.696003 19
19.699647 20
20.724007 21
21.725042 22
22.744009 23
23.760006 24
24.772004 25
25.773084 26
26.814514 27
27.815999 29
28.820010 30
29.824003 31
30.832005 32
31.840002 33
32.848006 34
33.971999 35
34.973030 36
35.976013 37
36.983945 38
37.992003 39
39.014874 40
40.031998 42
41.033140 42
42.084001 42
43.100968 43
44.136005 44
45.137030 45
46.140003 46
47.144002 47
48.183509 48
49.236011 49
50.237052 50
51.272005 51
52.280218 52
53.281240 53
54.320015 54
55.344005 55
56.345111 56
57.360008 57
58.449398 58
59.632449 59
