0.000008 0
1.001127 0
2.002252 1
3.003377 2
4.004538 3
5.005695 4
6.006731 4
7.007807 4
8.008956 4
9.010112 4
10.011247 4
11.012405 4
12.013559 4
13.014715 4
14.015872 4
15.017030 4
16.018187 4
17.019346 4
18.020502 4
19.021655 4
20.022812 4
21.023969 4
22.025126 4
23.026283 4
24.027439 4
25.028591 4
26.029753 4
27.030907 4
28.032058 4
29.033205 4
30.034422 4
31.035577 4
32.036732 4
33.037887 4
34.039043 4
35.040200 4
36.041361 4
37.042514 4
38.043674 4
39.044827 4
40.046004 4
41.047163 4
42.048317 4
43.049467 4
44.050623 4
45.051780 4
46.052939 4
47.054103 4
48.055246 4
49.056397 4
50.057545 4
51.058703 4
52.059860 4
53.061007 4
54.062154 4
55.063309 4
56.064454 4
57.068206 4
58.069344 4
59.070503 4
60.071651 4
61.072806 4
62.073963 4
63.075120 4
64.076274 4
65.077209 4
66.078429 4
67.079588 4
68.080743 4
69.081899 4
70.083056 4
71.084213 4
72.085360 4
73.086519 4
74.087677 4
75.088835 4
76.089961 4
77.091106 4
78.092264 4
79.093421 4
80.094576 4
81.095729 4
82.096886 4
83.098045 4
84.099169 4
85.100268 4
86.101421 4
87.102576 4
88.103735 4
89.104896 4
90.106051 4
91.107183 4
92.108341 4
93.109394 4
94.110545 4
95.111702 4
96.112882 4
97.114039 4
98.115192 4
99.116350 4
100.117508 4
101.118665 4
102.119821 4
103.120977 4
104.122134 4
105.123244 4
106.124399 4
107.125564 4
108.126723 4
109.127878 4
110.129035 4
111.130193 4
112.131354 4
113.132510 4
114.133667 4
115.134824 4
116.135978 4
117.137128 4
118.138282 4
119.139438 4
