Size(MB) "Laptop X 1"  "Rpi X 1"  "Edison X 1" 
0.040788 0.0220301151 0 0.8982741833 0.0928168297 0.8895921707 0.2906808853
0.071234 0.0466006756 0 2.5575211048 0.2052679062 2.4203867912 0.5611431599
0.098147 0.0721266747 0 4.3926479816 0.3088591099 4.0485439301 0.9010472298
0.137829 0.1294342518 0 9.6416378021 0.5210192204 8.2005209923 1.509250164
0.268119 0.3128320217 0 20.4923629761 1.2076790333 19.4269120693 3.8054099083
0.463085 0.6701348305 0 43.9725461006 2.4435317516 41.4265871048 7.1922860146
0.655807 1.0714478016 0 72.5175170898 3.8079090119 67.8239629269 14.8508951664
0.830454 1.4883347988 0 96.8339099884 5.1858417986 89.8174021244 25.2294688226
0.989454 1.9015843868 0 120.862356901 6.467337132 113.889931917 32.312802077
1.18977 2.9703383446 0 234.403764009 8.03736806 167.046923161 38.609250783
1.371783 3.0208834171 0 187.665293932 9.785433054 173.755250931 40.557169914
1.455017 4.7659363747 0 287.246707916 14.834313154 264.438485861 77.098649025
