  'Size (pixels)' 'Pi X 2'  'Laptop X 1'  'Pi X 1'
  10585152	94.9511628151	1.33211560249	51.9632610083
  19940480	185.589900017	2.88329088688	101.746536613
   2544000	20.3389549255	0.282250881195	11.0621314049
   5127904	43.6480200291	0.599484705925	24.0026725531
  30139776	281.190222025	4.51132309437	154.691745996
    158800	0.894327878952	0.0147157907486	0.526510477066
    636000	4.24766397476	0.0600019931793	2.49894702435
  16666624	235.482480049	2.86093690395	123.005639076
   7879168	73.0917520523	0.964620494843	39.7415504456
   1041408	9.71658682823	0.116943693161	5.2442920208
  13220352	119.613816977	1.71833992004	66.0707285404
    407040	2.55829381943	0.0382302045822	1.45115041733
