0.000033 0
1.006330 0
2.009718 0
3.040289 2
4.044289 2
5.045347 4
6.080290 4
7.124294 5
8.152547 6
9.167066 7
10.176290 8
11.183987 10
12.204290 10
13.210573 12
14.211681 12
15.219253 14
16.224288 14
17.260288 15
18.261366 16
19.288289 16
20.289343 18
21.292288 19
22.308289 20
23.309320 21
24.344288 22
25.352287 23
26.362775 24
27.374425 25
28.378845 26
29.379880 26
30.380912 28
31.396292 28
32.433249 29
33.445624 31
34.452288 32
35.453442 33
36.467646 33
37.468881 35
38.479150 35
39.508290 36
40.536587 37
41.540284 38
42.655132 39
43.656289 40
44.665209 41
45.667669 42
46.680283 44
47.692285 45
48.703009 45
49.716655 46
50.717840 47
51.756288 49
52.856286 49
53.858831 50
54.860290 51
55.890389 52
56.896366 53
57.926327 54
58.940286 55
59.944293 56
