0.000008 0
1.007178 0
2.056697 0
3.060949 2
4.062123 3
5.089666 4
6.092878 5
7.093948 6
8.101831 7
9.102861 9
10.104948 10
11.106044 10
12.107073 12
13.137228 13
14.141034 15
15.172950 16
16.184948 18
17.193816 18
18.197797 20
19.217876 21
20.227770 23
21.260950 23
22.302390 26
23.336954 26
24.352950 27
25.360481 29
26.364961 30
27.365990 32
28.372951 32
29.374673 33
30.375704 35
31.376946 35
32.392951 38
33.436954 38
34.457770 38
35.500949 40
36.540951 41
37.541974 41
38.548945 44
39.588948 45
40.604951 45
41.606029 47
42.607180 48
43.620087 48
44.624949 50
45.633846 51
46.642529 52
47.647037 52
48.648949 55
49.662064 56
50.665320 57
51.740949 59
52.812948 60
53.821551 60
54.836918 61
55.840996 62
56.852950 63
57.892200 64
58.913810 66
59.916949 67
