0.000034 0
1.028078 0
2.032192 0
3.052029 1
4.063606 1
5.064656 2
6.107965 3
7.119965 3
8.163965 4
9.175964 5
10.207969 6
11.263959 7
12.267969 7
13.295964 8
14.314829 8
15.315869 9
16.323970 9
17.355964 10
18.375965 10
19.435965 11
20.475967 11
21.487965 12
22.501452 12
23.511961 13
24.547963 14
25.583981 14
26.603964 15
27.613551 15
28.631971 16
29.642549 16
30.648736 17
31.652646 18
32.663965 19
33.677999 19
34.679557 20
35.685419 21
36.703784 22
37.719730 22
38.824792 23
39.843964 24
40.863966 24
41.911740 25
42.925157 25
43.935968 26
44.959963 26
45.962667 27
46.963696 27
47.995964 28
48.999965 29
50.003977 29
51.019964 30
52.023966 31
53.079963 31
54.111964 32
55.139964 32
56.151963 33
57.165666 33
58.183110 34
59.184139 34
