0.000010 0
1.002497 0
2.011672 1
3.054489 2
4.074497 3
5.086492 4
6.110496 4
7.142497 5
8.146493 6
9.164532 7
10.166494 8
11.216272 9
12.222498 10
13.223572 11
14.230491 12
15.231513 13
16.254491 14
17.298492 15
18.310492 16
19.339703 17
20.382494 17
21.386488 18
22.387529 19
23.395341 20
24.396372 21
25.398493 22
26.408973 23
27.410552 24
28.414491 25
29.430111 25
30.442494 26
31.444608 27
32.450537 28
33.451584 29
34.476419 30
35.478493 31
36.482556 32
37.490493 33
38.493229 34
39.494274 35
40.495326 36
41.497351 36
42.526496 37
43.527536 38
44.532454 39
45.550493 40
46.554496 41
47.562572 42
48.570495 43
49.579608 44
50.582492 45
51.583538 46
52.584567 47
53.610492 47
54.698527 48
55.738720 49
56.782957 50
57.788321 51
58.790495 52
59.854494 53
