0.000022 0
1.001109 0
2.003762 1
3.032545 2
4.068469 3
5.081720 4
6.096474 5
7.108469 6
8.112469 7
9.116513 7
10.127337 8
11.128505 9
12.136469 10
13.149729 11
14.168500 12
15.172470 13
16.189222 14
17.203584 15
18.238826 16
19.280466 17
20.296473 18
21.324469 19
22.368507 20
23.369576 21
24.384764 22
25.388541 23
26.424468 24
27.432466 25
28.436468 26
29.460465 27
30.464467 28
31.468860 29
32.485222 30
33.492467 31
34.500481 31
35.501543 32
36.552468 33
37.553497 34
38.554554 35
39.555629 36
40.556493 37
41.587755 38
42.600533 39
43.628530 40
44.629560 41
45.640469 42
46.645183 43
47.646448 43
48.647488 44
49.652477 45
50.692469 46
51.700468 47
52.701525 48
53.702559 49
54.707634 50
55.712729 51
56.718065 51
57.719164 52
58.732138 53
59.733301 54
