0.000008 0
1.006550 0
2.010422 1
3.028528 3
4.032446 4
5.096438 5
6.136439 6
7.144617 7
8.148439 8
9.188438 10
10.200443 11
11.204479 12
12.229568 13
13.236440 14
14.240438 16
15.267565 17
16.284440 18
17.328439 19
18.353899 20
19.381492 22
20.388438 23
21.395217 24
22.400475 25
23.426252 27
24.441452 28
25.444097 29
26.466169 30
27.467264 31
28.471558 33
29.476563 34
30.548435 35
31.549481 36
32.553218 38
33.556437 39
34.568440 40
35.580471 41
36.600433 43
37.616443 44
38.620439 45
39.637827 46
40.693129 48
41.712436 49
42.724436 50
43.730676 51
44.736438 52
45.737714 54
46.742597 55
47.750754 56
48.751927 57
49.753342 59
50.761354 60
51.792436 61
52.798686 62
53.813187 63
54.824864 65
55.842060 66
56.843895 67
57.876437 68
58.880437 70
59.883790 71
