0.000009 0
1.016000 0
2.054192 1
3.080000 2
4.081043 3
5.130635 4
6.197839 5
7.199999 6
8.207996 7
9.244000 8
10.255999 8
11.280282 9
12.287998 10
13.303995 11
14.306046 12
15.307936 13
16.312725 14
17.314096 15
18.315738 16
19.320762 17
20.321959 18
21.326111 18
22.327998 19
23.335999 20
24.350082 21
25.364030 22
26.367995 23
27.387996 24
28.391997 25
29.419995 26
30.427997 27
31.463993 28
32.479988 29
33.481047 29
34.511998 30
35.523998 31
36.543999 32
37.545022 33
38.552028 34
39.555869 35
40.583999 36
41.585019 37
42.614446 38
43.627996 39
44.629026 40
45.630837 41
46.631996 42
47.647866 43
48.683998 44
49.703998 45
50.711999 46
51.713059 46
52.727993 47
53.743998 48
54.745056 49
55.755575 50
56.756634 51
57.759843 52
58.760895 53
59.763127 54
