0.000010 0
1.003993 0
2.005019 1
3.011993 3
4.027996 4
5.079993 5
6.081026 6
7.086374 8
8.103995 9
9.105863 10
10.106924 11
11.123628 12
12.125850 14
13.160790 15
14.167993 16
15.169722 17
16.180040 18
17.188001 20
18.195992 21
19.203994 22
20.212474 23
21.220048 24
22.254345 26
23.255388 27
24.264066 28
25.268146 29
26.275995 30
27.277024 32
28.280027 33
29.287992 34
30.289960 35
31.291280 36
32.303999 37
33.305047 38
34.311992 40
35.315992 41
36.333094 42
37.334178 43
38.339992 44
39.354440 46
40.355498 47
41.379995 48
42.383992 49
43.388003 50
44.394846 51
45.395920 52
46.399991 54
47.405686 55
48.418057 56
49.420036 57
50.421082 59
51.437033 60
52.440547 61
53.468591 62
54.479991 64
55.499456 65
56.512025 66
57.515996 67
58.517203 68
59.527993 70
