0.000019 0
1.001238 0
2.014677 0
3.034605 0
4.036858 0
5.078603 2
6.098824 3
7.126942 3
8.142679 3
9.160915 6
10.162678 6
11.187661 6
12.211222 7
13.241506 9
14.242654 9
15.246646 10
16.247678 12
17.248730 13
18.249761 13
19.270603 14
20.291213 16
21.306982 16
22.326603 17
23.346600 18
24.354606 20
25.358613 20
26.409572 21
27.414607 23
28.434602 23
29.454605 24
30.468374 25
31.486601 26
32.487668 27
33.488692 28
34.494661 28
35.497099 29
36.506607 30
37.510602 31
38.511633 33
39.514604 33
40.518156 33
41.519211 34
42.534601 36
43.540535 36
44.550599 38
45.599148 39
46.622603 39
47.662604 41
48.710604 42
49.711679 42
50.737034 43
51.738112 45
52.739145 46
53.749702 46
54.752607 47
55.767365 49
56.782607 49
57.786505 51
58.788915 52
59.790309 52
