0.000022 0
1.008657 0
2.024560 2
3.036657 3
4.083193 4
5.088658 5
6.101521 6
7.102579 7
8.113582 9
9.136655 10
10.146460 11
11.176657 12
12.208229 14
13.244657 15
14.248657 16
15.258598 17
16.262633 19
17.265226 20
18.272009 21
19.277298 22
20.292935 23
21.304654 25
22.330735 26
23.408656 27
24.439846 28
25.481390 30
26.500658 31
27.501915 32
28.508658 33
29.532791 35
30.541773 36
31.556655 37
32.580654 38
33.596655 39
34.606753 41
35.612659 42
36.620656 43
37.640693 44
38.648656 46
39.669529 47
40.672659 48
41.680658 49
42.681711 51
43.697322 52
44.704656 53
45.724654 54
46.746394 55
47.771608 56
48.775430 58
49.784655 59
50.785773 60
51.790710 61
52.791850 62
53.880656 64
54.884656 65
55.885736 66
56.964656 68
57.972661 69
58.976656 70
59.996665 71
