0.000007 0
1.007502 0
2.031503 1
3.035504 2
4.039504 3
5.047752 4
6.050100 5
7.052421 6
8.060243 7
9.061981 8
10.090707 9
11.095503 10
12.096532 11
13.102998 12
14.111503 13
15.113309 14
16.131499 15
17.171501 16
18.175497 17
19.176525 17
20.269723 19
21.270878 19
22.288995 21
23.316584 22
24.339895 23
25.359499 24
26.419498 25
27.467499 26
28.468546 27
29.485053 28
30.504753 29
31.511503 30
32.514223 31
33.536863 32
34.547502 33
35.551503 33
36.559503 34
37.561556 35
38.607503 36
39.608729 37
40.656861 38
41.671503 39
42.704107 40
43.795501 42
44.820510 42
45.843503 43
46.855535 44
47.856581 45
48.936254 46
49.943503 47
50.963504 48
51.976918 49
52.983502 50
53.991499 51
54.999502 52
56.039491 52
57.083499 54
58.096131 54
59.107899 55
