0.000013 0
1.044647 0
2.077824 0
3.097147 1
4.098230 4
5.100673 4
6.101705 5
7.102750 7
8.115952 7
9.135953 9
10.143497 11
11.187747 12
12.195950 13
13.211349 14
14.212383 15
15.262822 17
16.307536 18
17.308566 20
18.322487 21
19.371950 22
20.379949 25
21.391966 25
22.394900 27
23.412692 29
24.419950 29
25.423950 29
26.455951 33
27.478378 33
28.480118 34
29.483951 35
30.487956 36
31.494396 38
32.499947 39
33.519951 40
34.615961 42
35.626896 43
36.630921 43
37.645294 46
38.651948 47
39.679950 47
40.681375 49
41.702608 51
42.706748 52
43.707948 53
44.710694 55
45.727952 56
46.729772 57
47.731949 59
48.747950 60
49.751950 60
50.779954 63
51.791939 63
52.795949 65
53.805688 67
54.872131 67
55.919945 68
56.950883 71
57.953092 71
58.968929 73
59.969974 75
