0.000008 0
1.024737 0
2.045373 1
3.046398 2
4.052738 3
5.056734 4
6.063648 5
7.064811 6
8.068733 7
9.116724 8
10.124734 9
11.132738 9
12.151629 10
13.156496 11
14.224742 12
15.240734 13
16.272735 14
17.277213 15
18.299998 16
19.301151 17
20.308734 18
21.318435 19
22.324734 20
23.325911 21
24.333421 22
25.341108 23
26.356734 24
27.364735 25
28.368745 26
29.383296 27
30.387533 28
31.388558 28
32.393799 29
33.404745 30
34.429571 31
35.432736 32
36.442019 33
37.456735 34
38.464733 35
39.465760 36
40.466847 37
41.468071 38
42.469129 39
43.470364 40
44.480927 41
45.488200 42
46.500736 43
47.512835 44
48.519235 44
49.523076 45
50.524098 46
51.544394 47
52.548512 48
53.560733 49
54.570591 50
55.576736 51
56.612941 52
57.620811 53
58.632738 54
59.640735 55
