0.000010 0
1.009655 0
2.016658 1
3.030129 2
4.033655 3
5.034709 3
6.036280 4
7.037314 5
8.045960 6
9.048326 7
10.049363 8
11.093791 9
12.101308 10
13.112609 11
14.117656 12
15.169683 13
16.173651 14
17.189653 15
18.193652 16
19.229778 17
20.237120 18
21.258552 19
22.289658 19
23.293654 20
24.297654 21
25.301658 22
26.303510 23
27.305652 24
28.318084 25
29.329650 25
30.342554 26
31.349654 27
32.361653 28
33.401654 29
34.425652 30
35.426672 31
36.437654 32
37.454457 33
38.473653 34
39.477757 35
40.501654 36
41.537653 37
42.565652 38
43.579701 39
44.580776 40
45.586211 41
46.589560 42
47.605695 43
48.621654 43
49.733642 45
50.734738 46
51.735770 46
52.754495 47
53.755576 48
54.774126 49
55.789655 50
56.793652 51
57.794730 52
58.797266 53
59.798296 54
