0.000010 0
1.001993 0
2.037645 2
3.058820 3
4.059851 4
5.072008 5
6.076009 6
7.110749 8
8.160004 9
9.210611 10
10.220007 11
11.256006 12
12.283994 14
13.300002 15
14.331912 16
15.384006 17
16.424006 18
17.475997 20
18.496496 21
19.509158 22
20.523761 23
21.528000 25
22.529018 26
23.536008 27
24.548006 28
25.668005 30
26.744719 31
27.752437 32
28.772005 33
29.803521 34
30.856004 36
31.864004 37
32.872008 38
33.880005 39
34.881027 40
35.882047 41
36.883077 42
37.884147 44
38.893692 45
39.894716 46
40.906917 47
41.920053 48
42.924006 49
44.048002 51
45.065510 52
46.067190 53
47.069546 54
48.103705 55
49.108024 57
50.111700 58
51.122519 59
52.123540 60
53.133797 61
54.160108 63
55.165378 64
56.189361 65
57.194614 66
58.216002 67
59.232692 68
