0.000008 0
1.018339 0
2.043010 1
3.055862 3
4.056929 4
5.060309 5
6.061368 6
7.073620 7
8.076913 9
9.088311 10
10.116693 11
11.137737 12
12.139726 14
13.145050 15
14.165331 16
15.172306 17
16.173357 18
17.176304 20
18.208361 21
19.209402 22
20.224311 23
21.232399 25
22.245255 26
23.346995 27
24.359470 28
25.367839 30
26.368918 31
27.372308 32
28.376392 33
29.380370 34
30.381590 36
31.390059 37
32.398321 38
33.405557 39
34.416302 41
35.417351 42
36.434764 43
37.435840 44
38.456308 45
39.457340 47
40.472312 48
41.484309 49
42.488947 50
43.520307 51
44.526199 52
45.528149 53
46.536579 55
47.540310 56
48.548310 57
49.549385 58
50.550484 59
51.552349 61
52.572217 62
53.573260 63
54.600307 64
55.601379 65
56.642070 67
57.643110 68
58.649472 69
59.668307 70
